    이름ID  이름    질문1   질문2   질문3   질문4   질문5
    1       이      1       2       3       4       5
    2       박      3       5       2       4       1
    3       김      3       5       2       4       3   
    4       홍      2       2       1       1       3
    5       조      1       2       1       2       3

            답변1   답변2   답변3   답변4   답변5  
    질문1   2       2       3       1       2       
    질문2   1       2       3       2       2       
    질문3   3       4       1       1       1       
    질문4   5       1       1       2       1            

